0001100000
0011110000
0011010000
1101010000
1111100000
0010000000
1101100000
0011110000
1111100000
0010000000
0011010000
1101110000
0000100000
0001000000
1111100000
0011010000
1101110000
0000010000
1111110000
1101000000
0010000000
1111111100
1100010000
1110000000
1101100000
0010100000
0010010000
0011000000
0010000000
0010010000
1101110000
0010110000
0011110000
0000010000
1101010000
1110010000
0000110000
1101010000
1111010000
1101010000
1111111100
0011100000
1111000000
1111111100
0011010000
1110010000
0011110000
1101010000
0000010000
0000110000
1111000000
0010100000
1111100000
0011010000
1100010000
1101010000
1110100000
1101100000
1111111100
0001000000
1111000000
1111111100
0000100000
0000100000
1111111100
1101110000
1101100000
1110000000
1101010000
1110010000
0000100000
1111010000
0001000000
0001000000
1111100000
1111000000
1111010000
0000100000
1101000000
1101100000
1110110000
0001110000
1111111100
1111010000
0011100000
1110000000
1111110000
1111000000
0010010000
1101100000
1100100000
0001010000
1111010000
0000010000
1110010000
0011000000
0011110000
0000100000
1101100000
1110110000
1110110000
1111100000
0010000000
1111111100
0000100000
1100100000
0011100000
0000010000
1110110000
0001000000
1101000000
1111111100
1101000000
1111110000
0000100000
1101110000
0011110000
0011000000
1100110000
0011010000
0001000000
0000010000
1111010000
0001100000
0010010000
0010100000
0010010000
1111110000
0010100000
1101110000
0001100000
1101100000
1110000000
1111100000
0010000000
0000110000
1111010000
1110010000
0000100000
1101110000
1110100000
1111110000
0011010000
0001100000
0010100000
0000110000
0000100000
1111010000
0011000000
0000010000
1101010000
0010110000
0001110000
1100100000
0010110000
1111010000
0011010000
1100100000
0011000000
0010110000
1111000000
1110100000
0011010000
1101010000
1111111100
0011100000
1111110000
1110010000
0011110000
0010000000
0000100000
0011100000
1111110000
0000100000
0010010000
1110010000
1101110000
0010110000
0010000000
1111100000
0011110000
1110000000
0001010000
1111010000
1110010000
0011110000
0000100000
1100110000
1111010000
0001100000
0010010000
1101010000
0010000000
0010110000
0000100000
0011000000
1111000000
1100100000
0001100000
0010000000
1101111000
0011000100
0010000000
0100011100
0000011100
0111000000
1001011000
1001010100
0010011100
1101000000
1011111000
0101101000
1101110100
0100011100
0110001100
1011001000
0111000100
0110101100
1101101100
1000011100
1010100100
1001001100
0111110000
1001011100
1100111100
1100101000
0011110000
0101111000
1010100100
1011010000
1110100100
1101000000
0110000000
1011110100
0100101000
1111011000
0000100100
0101011100
1001000000
1111111000
1110000000
0100011100
0011011000
0001111100
1011010100
1111110000
1011011100
0100100000
1110101100
1111000100
0100011000
0011111100
1000111100
0010010000
1100011000
1110101100
0000110000
0110010000
0001110000
0001000000
1101100000
0100110100
0110000000
1010010100
1101011000
0001110100
0100110000
1001100000
0000101000
0011011100
1111001100
0101110100
1010100100
0011100100
0001101100
1100010000
0001011000
0000110000
0110011000
1101111000
1101100000
0011010000
0110000000
0000011100
0101101100
1111111100
1011110000
1010100100
0101100100
0110110100
0000110100
0001100100
1010111100
0110111000
1010000000
0101100000
1011100000
0101110000
1011001100
1100010000
0100111100
0001001100
1000100100
1111111100
0111100000
0101111000
0110111100
0110111100
1101111000
0010101100
0111001000
1100100100
0011011000
1100010100
1111111100
0011110000
1101110100
0001010100
0001001000
0101101000
1001000100
0100000000
1100101100
0011100000
1111001100
0001111100
0000001000
1010011000
0111000000
1000101000
0111010100
0000100000
0100110100
0101000100
0000011100
0000110000
1101001100
0110100100
1011110000
1010101100
0100101000
0111110100
0100011100
0011101000
1100111100
1110010100
0100010000
1110011000
1101100000
1000010100
0000110100
1101110100
1001111000
0001010100
1001010000
0001011000
0111111000
0101101000
1101111100
1100011100
0001101100
0110111000
0111110100
0011000000
1100011100
0100011100
0011011100
1111010100
0100110100
0001011100
1001111000
1011101000
0011001000
0100101100
1100011100
0101011000
0010000000
1101100100
0110110100
0110111100
0100001000
1010110100
1111001100
1111111100
0000000100
1010011100
0001101000
0010011100
1000111000
0100000100
1111010100
1010000000
1110010000
0010101100
0000100000
1001110000
1100001100
1110011000
1111000100
1100101000
1110110110
1111010000
0001110110
0000111010
1110000110
0001111000
1110111000
1111100100
0001010100
0001101110
1110000100
0001000000
0000101100
0001100110
0001000010
1110101110
0000100010
1111111110
1110100010
0000100110
0000111110
1111011010
1110010100
0001110010
1110100010
0000001000
0000110100
0000111010
1111100000
0001011100
0000101000
0000001000
1111111110
0001101110
0001000100
1110101010
0001010000
1111111000
0001100110
1110010010
1110110000
0001001110
0001100010
1111111000
1111011110
1110100100
0001111100
1111011010
0000101100
0001000100
0001110110
1111010100
1110000010
0001011100
1111111100
1110100110
1110000110
0001110000
1111001110
0001010100
0000100000
1111111100
0000011010
1111000100
0000110010
0000010000
0000011110
0000110100
1110000100
1111000100
0000111110
0000011010
1110111000
0001111110
1110010100
1111110000
1110111000
1110010110
1110101000
0001110000
0001111010
1111011000
1110010000
1110001000
1110010000
0000110000
0001001000
0001111100
0001101010
0000111000
1111011100
1111111000
1110110010
0001000010
1110000100
1110111110
1110111110
0001011110
0001000010
0000000010
