0000110000
1101000000
1101010000
0001100000
1110000000
0011010000
1111010000
0010100000
0001110000
0010100000
0001110000
1111000000
0001100000
1111110000
1111110000
1110010000
1111110000
1110010000
1110010000
0001100000
1101100000
0010110000
1111000000
0011000000
1111010000
1101100000
0001100000
1111000000
1111110000
1101010000
0001010000
0000110000
1111111100
1110110000
1111111100
1100110000
1110000000
1110110000
1110110000
0000110000
1111000000
0011000000
1111100000
0010110000
1111111100
0011000000
1101110000
0001010000
1101000000
1101110000
0000110000
1110000000
1111111100
0001000000
1110010000
1110110000
0010110000
0000100000
0000110000
1111010000
0011110000
1100100000
0010010000
1101110000
1111100000
1110000000
1110110000
1111000000
0011100000
0010110000
0001100000
0011010000
0011010000
1110010000
1101000000
1110100000
0011000000
0001000000
0010010000
1111010000
0011000000
0001110000
0000110000
0001000000
1111100000
1110110000
1111000000
1101100000
1111010000
1101110000
1100100000
0010000000
1111000000
1111111100
1100100000
0001010000
1110110000
1111010000
1111100000
1111000000
1111000000
1110000000
0001010000
1101100000
1101110000
1110110000
0010010000
0011000000
1101000000
0000010000
1111110000
1101010000
1110100000
0000110000
1111010000
0010100000
0001100000
0011110000
0001000000
0011110000
1111010000
0001000000
0010000000
1101000000
1110000000
1100110000
0001010000
1100010000
1101100000
1111111100
1101100000
1111100000
1101110000
0010100000
0000010000
1100100000
1101100000
1101110000
0010010000
1111111100
1111000000
1111000000
0000110000
0011110000
0001010000
0011100000
0000010000
1100100000
1111110000
0001100000
0011110000
1101100000
0001100000
1100010000
0011010000
0001110000
0011000000
1100110000
1101100000
1101000000
1100110000
1111010000
1111111100
0011110000
0001110000
1110000000
0000010000
0011100000
0011100000
0001100000
1110100000
0001100000
1100110000
1101110000
1100010000
1101000000
1101010000
0001110000
0010110000
0001000000
1111100000
0001010000
0000010000
0000100000
0011100000
1111111100
0011010000
0010000000
1100100000
1101000000
1110000000
1110000000
1110100000
1100100000
0000100000
1101010000
1101010000
1110100000
1111010000
0001000000
1101100100
0101101100
0010001000
0100110100
1010101000
1110010000
0001100000
1010110100
1010011000
0101101100
0101110100
1101101100
0011011100
1110011000
1101110100
1010010100
1011001100
1000111100
0011011100
1001111000
0011000000
1011000100
0001111100
0100000000
0111101100
0100101000
1010010100
0101001000
1010110000
1110101100
0001001000
1010010100
1000001100
1000111100
0011010100
0101111000
0010011000
0001110100
0110111000
0000000100
0111100000
0110001100
1100011100
1101111000
1000001100
1111000000
1110101100
1101001100
0100101100
1001001100
0000011000
0000110100
1101010000
1001011000
0011100100
0110101000
1111100100
0110000100
0001000000
1001101100
0111011100
0011101100
1111011000
1101111100
1111110100
1100011000
1110110000
0101111000
1010001000
0101111100
0000111000
0101000100
1110100100
0010111000
0110000100
1110101100
0001111000
0110010100
0000001000
0100110000
0110111100
0110011000
0101001100
1001110000
1001010100
1111111100
0010101000
1010000000
0110000000
1010001100
1001011000
1100111000
0101110000
0011011100
1110100000
0011011000
1100000100
1111110100
0111111100
0101101000
1010001000
0110111100
0010101100
1111111000
0111111000
0011111100
1110111100
0011100000
1000010100
1101011100
0111001100
0011101100
1111110000
0011111100
1010101100
0010111100
0001001100
0111001000
0111101000
0111100000
0010010100
1010101100
0011001100
1011000100
1101010100
0010101000
1000011000
0110110000
0111010000
1000111000
0001110000
0000100100
1100100000
0001111000
0010111100
1101010100
0010110000
0100111000
1111010000
0110001000
1111000000
1001000100
1001101000
0100111100
1111010100
1000011100
0010110000
1100001100
1111111100
0010101100
0001011000
1101000000
0110111000
0101110000
1000110000
0110101100
0110010100
1100010000
0011000000
1110100000
0001100000
1111010100
0110001000
0101001000
0010011100
1000010100
0010110100
1111010100
0101100000
0001011000
1101100000
1100000000
0001001000
1001111000
1000111000
0110110000
1010001000
0100110000
1110010100
0011001000
0001101000
0001000000
0101000100
0000011000
1010011100
0011000100
1000011000
0010101000
1000100000
1010111100
0011000100
0010110100
1111011000
1100010000
0100111000
1110011000
1110010100
1011001100
1100111000
0101001000
1111110010
1111010100
1111011110
0001101010
1111010000
0001111010
0001111000
1110101000
0000001000
1110111000
0000100010
1110010110
1110011000
1111000010
0001100010
0001000110
0000101100
1110001010
1111001010
0001011000
0001111000
0001010100
0001001000
1110011010
0000100100
0001100010
1111111010
0000101100
0000011110
0000110000
1111111000
0000101110
1110110110
1110010000
0001111100
0001111000
0000111110
0001110110
1110110100
1110101000
0001111010
1110011110
0000010010
1111010000
0000000110
1110100010
0000110010
0001011100
1111001010
1111110010
1110100000
1110101000
0001111100
0000011100
1110111100
0000100010
1111111110
1110011100
1110011000
1111010010
0000101100
0001010100
0000110110
1110000100
1110001100
1111110110
0000100010
1110111010
0001010000
1111110110
1110110100
1111010000
1110010010
0000011100
0000001110
1110001100
1111110100
1110100100
1111011100
1111000010
0000010100
1111101100
0000110110
0000001100
1110111100
1111111110
0001111100
1110001100
1110010010
0000100110
1111011000
1110100100
0001010010
1111111000
0001000110
0001101110
1111000010
1111011100
1111100000
1110111110
